# Each column contains the run times for a given thread. They are, in order: 1, 2, 3, 4, 5, 6, 7, 8, 9, 10, 11, 12.
0.0264013, 0.0133839, 0.0091069, 0.0071893, 0.0053914, 0.0046153, 0.0046675, 0.0043184, 0.0038622, 0.003468, 0.003181, 0.0032627
0.0263569, 0.0135208, 0.0090886, 0.0067815, 0.0055695, 0.0051442, 0.0048688, 0.0043124, 0.0038544, 0.0034767, 0.0031611, 0.0029084
0.0263905, 0.0132788, 0.0091507, 0.0068517, 0.0057776, 0.0055442, 0.0050683, 0.0044043, 0.003863, 0.0034702, 0.0031731, 0.0029199
0.0262392, 0.013323, 0.0090456, 0.0077331, 0.0054252, 0.0046168, 0.0048001, 0.0042942, 0.0038466, 0.0034585, 0.003185, 0.0035723
0.0262076, 0.013537, 0.008933, 0.0068708, 0.005703, 0.0054383, 0.0048671, 0.0042973, 0.0038254, 0.0034551, 0.003148, 0.0029057
0.02651, 0.0133967, 0.009045, 0.006747, 0.0053681, 0.0054463, 0.004844, 0.0042966, 0.0038407, 0.0034725, 0.0031926, 0.0029283
0.0262915, 0.0133517, 0.0090813, 0.0068821, 0.0054104, 0.0051709, 0.0048895, 0.0043165, 0.0038554, 0.0034726, 0.003168, 0.0029135
0.0262591, 0.0136949, 0.009276, 0.0067909, 0.006317, 0.0052333, 0.004875, 0.0041603, 0.0038203, 0.0034768, 0.0031665, 0.003671
0.0263626, 0.0132665, 0.0088946, 0.0069383, 0.0053815, 0.0053685, 0.004831, 0.0042944, 0.0038181, 0.0034862, 0.0031663, 0.0031041
0.0262566, 0.0133672, 0.0090239, 0.0070084, 0.0053801, 0.0050317, 0.0048475, 0.0042729, 0.0038394, 0.00347, 0.0031602, 0.0029181
0.0262025, 0.0136325, 0.0089775, 0.0067533, 0.0053977, 0.0051165, 0.0048645, 0.0043179, 0.003834, 0.0037043, 0.0031635, 0.0029096
0.0262274, 0.0133352, 0.0089653, 0.0069285, 0.0059811, 0.0045632, 0.0048709, 0.004331, 0.0038422, 0.0034713, 0.0031606, 0.0031909
0.0263541, 0.0136445, 0.00901, 0.0073025, 0.0055276, 0.0047049, 0.0047614, 0.0043256, 0.0038361, 0.0034467, 0.0031762, 0.0029236
0.0263207, 0.0133983, 0.009067, 0.0068624, 0.0054079, 0.0045754, 0.0048628, 0.0043214, 0.0038386, 0.0041306, 0.0031804, 0.0029714
0.0262497, 0.01353, 0.0097645, 0.0068821, 0.0054721, 0.0046498, 0.004875, 0.0043487, 0.0038405, 0.0034397, 0.0031704, 0.0030487
0.0261983, 0.0133203, 0.0091491, 0.0073162, 0.0055639, 0.0051235, 0.004908, 0.0043255, 0.0038409, 0.0034586, 0.0031609, 0.0029168
0.0262728, 0.0137927, 0.0093147, 0.0068971, 0.0062144, 0.0055276, 0.0048776, 0.004313, 0.0038601, 0.0034753, 0.0031616, 0.0029119
0.0261811, 0.0134185, 0.0090314, 0.0078071, 0.0054932, 0.0046911, 0.0048721, 0.0043337, 0.0038429, 0.0034896, 0.0031693, 0.0029414
0.0262092, 0.0153613, 0.0090324, 0.0068441, 0.0061213, 0.0050128, 0.0049166, 0.004381, 0.0038363, 0.0034697, 0.0031667, 0.002906
0.0263573, 0.0136018, 0.0089648, 0.0069419, 0.0054023, 0.004733, 0.0048394, 0.0043075, 0.003836, 0.0034575, 0.0037179, 0.0047362
0.0262888, 0.0133491, 0.0090998, 0.0068932, 0.0056026, 0.0046724, 0.0049083, 0.0042598, 0.0038241, 0.0034704, 0.0031594, 0.0029139
0.0266075, 0.0134405, 0.0090954, 0.0069157, 0.0055722, 0.005154, 0.0048779, 0.0044028, 0.00384, 0.0041441, 0.0045852, 0.0029302
0.026277, 0.0133142, 0.0105458, 0.00686, 0.0057923, 0.0053421, 0.0048859, 0.0043092, 0.0038402, 0.0034587, 0.003162, 0.0029195
0.026203, 0.0135165, 0.0089727, 0.007357, 0.0055971, 0.0044801, 0.0048492, 0.0043161, 0.0038428, 0.0034789, 0.0031744, 0.0031345
0.0262614, 0.0134249, 0.0089432, 0.0067723, 0.0060712, 0.0046154, 0.0048358, 0.0043063, 0.0039095, 0.0034699, 0.003168, 0.0029034
0.0263537, 0.0156396, 0.00924, 0.0069206, 0.0061156, 0.0053077, 0.0049146, 0.0043236, 0.0038431, 0.003466, 0.0031705, 0.0029254
0.0262413, 0.0134193, 0.0088827, 0.0068236, 0.0058531, 0.0055514, 0.0048963, 0.0043097, 0.0038309, 0.003455, 0.0031545, 0.0041213
0.0261981, 0.0133189, 0.0089898, 0.0067991, 0.0053806, 0.0048132, 0.0048523, 0.0043007, 0.0038155, 0.0034571, 0.0031656, 0.0029072
0.0263909, 0.0133175, 0.0104202, 0.00685, 0.0063976, 0.0047496, 0.0048649, 0.004326, 0.0038318, 0.0034622, 0.0031609, 0.0029039
0.0262567, 0.0135049, 0.0090857, 0.0067997, 0.0055878, 0.0046179, 0.0047756, 0.0042473, 0.0038467, 0.0035124, 0.0037743, 0.0029534
0.0262556, 0.0133668, 0.0090244, 0.0068189, 0.0059061, 0.0046037, 0.0048621, 0.0043141, 0.0038368, 0.003475, 0.0031653, 0.0029358
0.0262312, 0.013562, 0.0090129, 0.0068655, 0.0054591, 0.0049764, 0.0047781, 0.0043286, 0.0038419, 0.0034569, 0.003245, 0.0030535
0.0265149, 0.0135471, 0.009109, 0.0069291, 0.0056648, 0.0051335, 0.0049106, 0.004321, 0.0038506, 0.0034724, 0.0031553, 0.0029269
0.0262819, 0.0140588, 0.0090127, 0.0072208, 0.0060945, 0.0047259, 0.0047016, 0.0043379, 0.0038194, 0.0034569, 0.0031913, 0.0029207
0.0262443, 0.0134543, 0.0092239, 0.0067965, 0.0055639, 0.0052217, 0.0049164, 0.0043157, 0.0038489, 0.0034743, 0.0031817, 0.0029298
0.0264473, 0.0135589, 0.0090333, 0.0068637, 0.006083, 0.0051596, 0.0049489, 0.0043039, 0.0038402, 0.0034652, 0.0031667, 0.0029663
0.0262599, 0.0134644, 0.0090862, 0.0067827, 0.0053857, 0.0049553, 0.004865, 0.0043158, 0.0038228, 0.0035073, 0.0031535, 0.0029096
0.0263958, 0.0134629, 0.0090098, 0.0067496, 0.0055741, 0.0054947, 0.0048535, 0.0042742, 0.0038286, 0.0034633, 0.00317, 0.0033535
0.0262785, 0.0134292, 0.0091279, 0.0082748, 0.0053704, 0.0050238, 0.0048408, 0.0043172, 0.0038351, 0.003503, 0.0031766, 0.0029076
0.0263564, 0.0133309, 0.0092414, 0.0068798, 0.0066655, 0.0051196, 0.0048862, 0.004298, 0.0038172, 0.0034684, 0.00318, 0.0029227
0.0263131, 0.0134251, 0.0090327, 0.0073643, 0.0055869, 0.0045944, 0.004704, 0.0042831, 0.0038417, 0.0034528, 0.003731, 0.0029094
0.0262237, 0.0137407, 0.0102155, 0.0069195, 0.0062182, 0.005623, 0.0048936, 0.0043455, 0.0038084, 0.0034832, 0.0031685, 0.0029903
0.0262313, 0.0135403, 0.0089179, 0.0069769, 0.0054041, 0.004841, 0.0047871, 0.0042727, 0.0038421, 0.0034493, 0.0031656, 0.0029137
0.0262576, 0.0135371, 0.0089928, 0.0068752, 0.0055299, 0.0047472, 0.0048799, 0.0043177, 0.0041395, 0.003484, 0.0031581, 0.0029107
0.0262703, 0.0134364, 0.0089618, 0.006948, 0.0066731, 0.0056901, 0.0049292, 0.0043292, 0.0038383, 0.0034717, 0.0031796, 0.0043212
0.0262725, 0.014207, 0.0090239, 0.0069419, 0.0055855, 0.0054124, 0.0048759, 0.0043233, 0.0039147, 0.0034859, 0.0031686, 0.0029711
0.0263979, 0.0133607, 0.0090975, 0.0071646, 0.0055564, 0.0051623, 0.004706, 0.0042972, 0.0038389, 0.0034625, 0.0031503, 0.0029189
0.0262775, 0.0134771, 0.009215, 0.0068105, 0.0059605, 0.005401, 0.0048778, 0.0044058, 0.0038938, 0.0034732, 0.0031759, 0.0028973
0.0264563, 0.0139152, 0.0090521, 0.0068782, 0.0054525, 0.0046876, 0.0048786, 0.0042908, 0.0062354, 0.0051804, 0.0055742, 0.0047744
0.0264153, 0.0134039, 0.009251, 0.0068759, 0.0057801, 0.004607, 0.0048907, 0.0043154, 0.0038413, 0.0034647, 0.0031654, 0.0029944
0.0262514, 0.0134649, 0.0090243, 0.0072066, 0.0054086, 0.0048657, 0.0048962, 0.0043303, 0.0038373, 0.0035005, 0.0031843, 0.0034716
0.0262328, 0.0134798, 0.0090889, 0.0069464, 0.0061851, 0.0056438, 0.0049143, 0.0043331, 0.0038322, 0.003478, 0.0031685, 0.0029094
0.0262786, 0.013315, 0.009038, 0.007492, 0.0053744, 0.0046614, 0.0048445, 0.004291, 0.0038435, 0.0034748, 0.0031967, 0.0029161
0.0262543, 0.0134115, 0.009946, 0.0068539, 0.0056617, 0.0053046, 0.0048964, 0.0043602, 0.0038646, 0.0034779, 0.0031696, 0.0028992
0.0262407, 0.0135707, 0.0091238, 0.0071888, 0.0055191, 0.0047151, 0.0047278, 0.0042803, 0.00384, 0.0034765, 0.0031811, 0.0029901
0.0264091, 0.013544, 0.0095214, 0.006789, 0.0053946, 0.0051829, 0.004894, 0.0043232, 0.003873, 0.0034808, 0.0031763, 0.0029111
0.0263331, 0.0134876, 0.0091583, 0.0068312, 0.0054145, 0.0050168, 0.0048982, 0.0042865, 0.0038698, 0.0034775, 0.0031507, 0.0035468
0.0262515, 0.0133027, 0.0089727, 0.006891, 0.0054816, 0.0047089, 0.0048649, 0.0043068, 0.0038463, 0.0035019, 0.003167, 0.0029791
0.0264261, 0.0133971, 0.0090615, 0.0068491, 0.0065377, 0.0045291, 0.0048656, 0.0043073, 0.0038681, 0.0034601, 0.0031845, 0.0029375
0.0264682, 0.0136652, 0.0089991, 0.0077936, 0.0055336, 0.0048792, 0.0048973, 0.0043203, 0.0038582, 0.0039956, 0.0031802, 0.0029086
0.0263046, 0.013425, 0.0090417, 0.0068876, 0.0055216, 0.0050359, 0.0048675, 0.0041514, 0.0038346, 0.0034846, 0.0031601, 0.0029092
0.0262519, 0.0136289, 0.0090383, 0.0075888, 0.0055838, 0.0045554, 0.0049115, 0.0043234, 0.0038372, 0.0034693, 0.0031724, 0.0029347
0.0265021, 0.0154287, 0.0097211, 0.0068788, 0.0062544, 0.005057, 0.0049045, 0.0044096, 0.0038442, 0.0034976, 0.0031795, 0.0030213
0.0262632, 0.0136698, 0.0090059, 0.0073213, 0.0053699, 0.0056625, 0.004925, 0.004329, 0.0038471, 0.0034976, 0.0031904, 0.0047741
0.0263405, 0.0135249, 0.0091058, 0.0068765, 0.005803, 0.0055627, 0.0049013, 0.0042443, 0.0038534, 0.0034579, 0.0031804, 0.0048147
0.026421, 0.0133921, 0.0091632, 0.0069993, 0.0056679, 0.00538, 0.0047786, 0.0043125, 0.0038378, 0.0034795, 0.0031665, 0.0029232
0.0263915, 0.013494, 0.0089574, 0.0068758, 0.0057839, 0.0046441, 0.004874, 0.0045065, 0.0038496, 0.0034884, 0.0032424, 0.0029098
0.0263778, 0.0133819, 0.009028, 0.0073478, 0.0058876, 0.0051123, 0.0048657, 0.0043361, 0.0038427, 0.0042641, 0.0031783, 0.0029247
0.0263424, 0.0135261, 0.0090778, 0.0068176, 0.0057756, 0.0056563, 0.004938, 0.0043157, 0.0038593, 0.0034497, 0.0031672, 0.0029803
0.0262823, 0.0135006, 0.0089133, 0.0072077, 0.0053754, 0.004701, 0.0048655, 0.0043115, 0.0038565, 0.003499, 0.0031613, 0.0029174
0.0262673, 0.0137135, 0.0090223, 0.0068384, 0.0057359, 0.0046659, 0.0048407, 0.0044286, 0.0038894, 0.0034365, 0.0031675, 0.0029078
0.0262907, 0.0134314, 0.0090909, 0.007144, 0.005551, 0.0047937, 0.0048019, 0.0043169, 0.003857, 0.0035347, 0.0032041, 0.0029069
0.0262744, 0.0134395, 0.0090974, 0.0068092, 0.0054262, 0.0051533, 0.0048908, 0.0043137, 0.003836, 0.0034856, 0.0031733, 0.0029095
0.0263494, 0.0132316, 0.0091558, 0.0068977, 0.0057605, 0.0045365, 0.0048712, 0.0043272, 0.0038696, 0.0034856, 0.0031687, 0.0029193
0.0262925, 0.013404, 0.0090166, 0.0081128, 0.0055682, 0.0046988, 0.0048549, 0.0042892, 0.0038561, 0.0036761, 0.005177, 0.0036929
0.0262836, 0.0133354, 0.0090229, 0.0068806, 0.0057853, 0.0046851, 0.0048922, 0.004236, 0.0038585, 0.0036675, 0.0031806, 0.0031434
0.0263076, 0.01345, 0.0089306, 0.0073027, 0.0056036, 0.0044854, 0.004832, 0.0042947, 0.003835, 0.0034896, 0.0032098, 0.0029275
0.0262062, 0.0132788, 0.0090895, 0.0068107, 0.0058042, 0.0045761, 0.004866, 0.0043218, 0.0038618, 0.0034804, 0.0031636, 0.002904
0.0264621, 0.0137194, 0.0090561, 0.006973, 0.0057293, 0.0046825, 0.0049064, 0.004304, 0.0038581, 0.003471, 0.0031528, 0.0035121
0.0262823, 0.0134537, 0.0091151, 0.0069135, 0.0055938, 0.0054026, 0.0048906, 0.0044324, 0.0038893, 0.0034728, 0.0031611, 0.0038514
0.026293, 0.0134409, 0.0089741, 0.0069879, 0.0054138, 0.0048253, 0.0048748, 0.0043299, 0.0038576, 0.0034866, 0.0031988, 0.0029345
0.0262534, 0.0133465, 0.0090747, 0.0082584, 0.005579, 0.0048883, 0.0048935, 0.0043343, 0.0038279, 0.0037346, 0.0031651, 0.0029167
0.0265041, 0.0134626, 0.0091216, 0.0069026, 0.0055733, 0.0055229, 0.0048984, 0.0042378, 0.003834, 0.0034668, 0.0031675, 0.0029353
0.0263251, 0.0135229, 0.0090827, 0.0072473, 0.005376, 0.0054958, 0.0048722, 0.0043103, 0.0038564, 0.0034582, 0.0031681, 0.0029061
0.0262408, 0.0134878, 0.0100457, 0.0069734, 0.0058322, 0.0045286, 0.0048765, 0.0043023, 0.0050367, 0.0034542, 0.0031768, 0.0029112
0.0264215, 0.0134996, 0.0091665, 0.0073934, 0.0053548, 0.0047038, 0.0047365, 0.0042947, 0.0038389, 0.0034753, 0.0032801, 0.0029253
0.0263264, 0.0154228, 0.0091877, 0.0073267, 0.0058461, 0.0054177, 0.0049095, 0.0043208, 0.0038582, 0.0034691, 0.003163, 0.0029
0.0263052, 0.013497, 0.0091191, 0.0076947, 0.005549, 0.0055275, 0.0049299, 0.0043222, 0.00385, 0.0034983, 0.0031828, 0.0029337
0.0263223, 0.0135964, 0.0100389, 0.0069844, 0.00544, 0.0052646, 0.0048887, 0.0043178, 0.0038705, 0.0034692, 0.0031732, 0.0029103
0.0263965, 0.0133942, 0.0090432, 0.007596, 0.0055116, 0.0055182, 0.0048282, 0.0043087, 0.0038347, 0.0034639, 0.0040348, 0.0029233
0.0262142, 0.0135694, 0.0090694, 0.0068534, 0.0054334, 0.0056244, 0.0048797, 0.0043354, 0.0038697, 0.0034704, 0.0031594, 0.002948
0.0264338, 0.0133808, 0.0090151, 0.0072139, 0.0054121, 0.0045438, 0.0048072, 0.0042897, 0.0038552, 0.0034829, 0.0031648, 0.0029735
0.0264377, 0.0134454, 0.0090356, 0.0068082, 0.0054116, 0.0054934, 0.0048486, 0.0042931, 0.0038335, 0.0037003, 0.0031696, 0.0028994
0.0263293, 0.0133813, 0.0094248, 0.0069051, 0.006224, 0.0051961, 0.004902, 0.0043339, 0.0038581, 0.0035389, 0.0032022, 0.0029255
0.0262944, 0.0135703, 0.0089576, 0.0069013, 0.0053939, 0.0047425, 0.004857, 0.0043154, 0.0038458, 0.0034835, 0.0031914, 0.0029387
0.0262797, 0.0134553, 0.0091091, 0.0068761, 0.0056796, 0.0050269, 0.0048519, 0.0043356, 0.0038821, 0.0034614, 0.0033407, 0.0048804
0.0263338, 0.0134189, 0.0091902, 0.0068302, 0.0054109, 0.0052909, 0.0048725, 0.0043322, 0.0038647, 0.0034713, 0.0032294, 0.0030213
0.0262251, 0.013482, 0.0097768, 0.0068237, 0.0055061, 0.0045342, 0.0048908, 0.0043286, 0.003847, 0.0034773, 0.0031652, 0.0029129
0.0264777, 0.0133646, 0.0090596, 0.0069414, 0.0053852, 0.0048827, 0.0048713, 0.004458, 0.0038582, 0.0034596, 0.0031593, 0.0030876
0.0262966, 0.0134324, 0.0091294, 0.0083283, 0.0055619, 0.0054821, 0.0048968, 0.0042903, 0.0038676, 0.0034847, 0.0032238, 0.0029318
