# Each column contains the run times for a given thread. They are, in order: 1, 2, 3, 4, 5, 6, 7, 8, 9, 10, 11, 12.
0.026485, 0.0136881, 0.0089584, 0.0069595, 0.0053968, 0.0048501, 0.0048655, 0.0043138, 0.003853, 0.0035053, 0.0031749, 0.0029291
0.0264786, 0.0134669, 0.0092379, 0.00688, 0.00536, 0.0046237, 0.0048734, 0.0042715, 0.0038347, 0.0034813, 0.0031743, 0.0034405
0.02636, 0.0134371, 0.009098, 0.0070181, 0.0064623, 0.0048247, 0.0049183, 0.0043089, 0.0038552, 0.0034991, 0.0031792, 0.0029188
0.026311, 0.0141294, 0.0091591, 0.0068557, 0.005403, 0.0046591, 0.0048834, 0.0045207, 0.0038333, 0.0034826, 0.0042677, 0.0050493
0.0264615, 0.015203, 0.0091542, 0.007023, 0.0056323, 0.0053076, 0.0048759, 0.0043379, 0.0038932, 0.0034823, 0.0031849, 0.0029421
0.0263044, 0.0136596, 0.0092648, 0.0069808, 0.0064428, 0.0048778, 0.0048882, 0.0043071, 0.0038442, 0.0034756, 0.0031673, 0.0029585
0.0262631, 0.0133602, 0.0091803, 0.0076221, 0.0054122, 0.0050759, 0.0048684, 0.0042977, 0.0038445, 0.0035087, 0.0031565, 0.0029484
0.0265351, 0.013591, 0.0096775, 0.0068602, 0.0061957, 0.0055689, 0.0048949, 0.0042685, 0.0038474, 0.0034688, 0.0031972, 0.003023
0.0263564, 0.0135733, 0.0090909, 0.0070766, 0.0053885, 0.0049365, 0.0048634, 0.0043066, 0.0038666, 0.0035164, 0.0031954, 0.0029642
0.0262902, 0.013542, 0.009109, 0.0068626, 0.0053821, 0.0047994, 0.0048941, 0.00453, 0.003844, 0.0034635, 0.003161, 0.0029382
0.0263794, 0.0136995, 0.0091532, 0.0070742, 0.0054344, 0.0047734, 0.0049227, 0.0043225, 0.0038615, 0.0034826, 0.0032285, 0.0029204
0.0263689, 0.0134546, 0.0091991, 0.0069757, 0.0056967, 0.0054532, 0.0049075, 0.0043277, 0.0038602, 0.0034949, 0.0031654, 0.0029179
0.0263388, 0.0133844, 0.0091423, 0.0067541, 0.0060327, 0.004976, 0.0047428, 0.0042773, 0.0038466, 0.0034582, 0.0037293, 0.0029298
0.0264037, 0.0135415, 0.0091036, 0.0070112, 0.0055937, 0.0054534, 0.0049245, 0.0043306, 0.0038654, 0.0034944, 0.0031563, 0.0029202
0.0263287, 0.0133845, 0.0090624, 0.0069061, 0.005542, 0.005015, 0.004699, 0.0042948, 0.0038546, 0.003494, 0.0031945, 0.0029347
0.0263464, 0.0135906, 0.0090531, 0.0068722, 0.0053923, 0.0050652, 0.0048889, 0.0042942, 0.0038453, 0.0041195, 0.0031918, 0.0029162
0.0262485, 0.013352, 0.0092232, 0.0069477, 0.0066194, 0.0055085, 0.0049285, 0.0043294, 0.003845, 0.0034629, 0.0031845, 0.0029222
0.0265105, 0.0135507, 0.0092198, 0.0068499, 0.0053976, 0.0051442, 0.0049057, 0.0043567, 0.0038901, 0.0034942, 0.0031885, 0.0029379
0.0263799, 0.0134723, 0.0091131, 0.006902, 0.0054123, 0.005571, 0.0048862, 0.0043022, 0.0038558, 0.0034975, 0.0031693, 0.0029516
0.0263834, 0.0136143, 0.0091065, 0.0071915, 0.0055884, 0.0056226, 0.0050833, 0.0045571, 0.0038272, 0.0034602, 0.0031677, 0.002929
0.0263111, 0.0140833, 0.0091822, 0.0069006, 0.0059671, 0.0052979, 0.0048937, 0.0044379, 0.0038573, 0.003474, 0.0031551, 0.0032032
0.0264709, 0.0134324, 0.00918, 0.0071665, 0.0053816, 0.0045698, 0.004922, 0.0043195, 0.0038808, 0.0035136, 0.0031868, 0.0029306
0.0262592, 0.0141736, 0.0105312, 0.0068864, 0.0054366, 0.0046515, 0.0048967, 0.0043601, 0.0038416, 0.0034622, 0.0031692, 0.0029254
0.0262388, 0.0135702, 0.0090669, 0.0068999, 0.0054382, 0.0056791, 0.0048093, 0.0043034, 0.0038482, 0.0034594, 0.0035888, 0.0029339
0.0264625, 0.0137347, 0.0090206, 0.0069763, 0.0058506, 0.0045187, 0.0048936, 0.0043258, 0.0038534, 0.0034807, 0.0031887, 0.0029416
0.0264028, 0.0135013, 0.009115, 0.0075291, 0.0053831, 0.0056177, 0.0049728, 0.0043057, 0.0038506, 0.0035347, 0.0031842, 0.0029117
0.0262676, 0.0140752, 0.0101641, 0.0069583, 0.0061585, 0.0056346, 0.0048615, 0.004284, 0.0038366, 0.00347, 0.0031581, 0.002913
0.0263344, 0.0135803, 0.0090401, 0.0075592, 0.0054926, 0.0045551, 0.0047927, 0.004297, 0.0038551, 0.0034716, 0.0031777, 0.0029104
0.0263717, 0.0135301, 0.0090162, 0.0069855, 0.0061735, 0.0049025, 0.0048835, 0.0043313, 0.0038616, 0.0034563, 0.0031605, 0.0029223
0.0262994, 0.013421, 0.0090577, 0.0072502, 0.0055573, 0.0045773, 0.0047265, 0.0042923, 0.0038477, 0.0034626, 0.0032269, 0.00302
0.0265667, 0.0161063, 0.0105029, 0.006994, 0.0056548, 0.0055451, 0.0049074, 0.0043122, 0.003853, 0.0034432, 0.0032255, 0.0029108
0.026479, 0.0136039, 0.0091235, 0.0069382, 0.0054213, 0.0046984, 0.0047921, 0.0043083, 0.0038579, 0.0035031, 0.0035492, 0.0029381
0.026359, 0.0141628, 0.0090874, 0.0069171, 0.0060513, 0.0053294, 0.0048736, 0.0045143, 0.0038347, 0.0034655, 0.0031654, 0.0029128
0.0262692, 0.0147188, 0.0091934, 0.0068841, 0.0053968, 0.0050809, 0.0049012, 0.0043233, 0.0038399, 0.0034704, 0.0031587, 0.0029228
0.0263224, 0.013519, 0.0091457, 0.0069555, 0.0057912, 0.0056387, 0.0049277, 0.004302, 0.0038522, 0.0034691, 0.0031677, 0.0029171
0.0262836, 0.0134949, 0.0091279, 0.0077664, 0.0056089, 0.005325, 0.0049024, 0.0044133, 0.0038373, 0.0034573, 0.0031598, 0.002901
0.026234, 0.0137596, 0.00969, 0.0068939, 0.0055941, 0.0056455, 0.0048735, 0.0042274, 0.0038228, 0.0034766, 0.0031765, 0.0034624
0.0264816, 0.013501, 0.0091938, 0.0080817, 0.0055387, 0.0047926, 0.0048738, 0.0043101, 0.0038385, 0.0034618, 0.0031881, 0.0029216
0.0263986, 0.0135213, 0.0092312, 0.0069947, 0.0055751, 0.0053969, 0.0049124, 0.0043233, 0.0038906, 0.0034756, 0.0031921, 0.0029492
0.0263356, 0.0148431, 0.0090722, 0.0068688, 0.0054027, 0.0047149, 0.0048705, 0.0043208, 0.0038608, 0.003787, 0.003178, 0.0029099
0.0264102, 0.0135998, 0.0091789, 0.0069312, 0.0061173, 0.0051396, 0.0048836, 0.0043293, 0.0038583, 0.0034803, 0.0031728, 0.0029265
0.0263272, 0.0136928, 0.009143, 0.0072019, 0.0056067, 0.0049255, 0.0049448, 0.0043437, 0.0038408, 0.0034679, 0.0032189, 0.0029257
0.0263125, 0.0134381, 0.009052, 0.0070432, 0.0062126, 0.0050975, 0.0048681, 0.0043188, 0.003866, 0.0034695, 0.003167, 0.002932
0.0262773, 0.0133583, 0.009122, 0.0069128, 0.0054138, 0.0045447, 0.004894, 0.0043397, 0.0038325, 0.0034662, 0.003192, 0.0031693
0.0265489, 0.0134688, 0.0092858, 0.0069435, 0.005659, 0.0051897, 0.0049171, 0.0043263, 0.0038606, 0.0035087, 0.0031869, 0.0029303
0.0265025, 0.0134509, 0.009156, 0.0071562, 0.0053686, 0.0055191, 0.0048724, 0.0043044, 0.003839, 0.0035126, 0.0031882, 0.0029078
0.0262988, 0.0138461, 0.0099501, 0.0069221, 0.0059344, 0.0047046, 0.0048704, 0.0043235, 0.0038445, 0.0034448, 0.0044976, 0.0029304
0.0262593, 0.0145692, 0.0091316, 0.0068996, 0.0054596, 0.0046635, 0.0048799, 0.0043331, 0.0038404, 0.0035372, 0.0041869, 0.0029202
0.0263778, 0.0135348, 0.0092752, 0.0069054, 0.0057673, 0.0045121, 0.0048646, 0.0043232, 0.0038933, 0.0035168, 0.0031723, 0.0029094
0.0262648, 0.0135198, 0.0091133, 0.0074447, 0.0055418, 0.0048209, 0.0047291, 0.0043231, 0.003853, 0.0034668, 0.0031881, 0.0029237
0.0265804, 0.0138445, 0.0092091, 0.0068504, 0.0054301, 0.0056004, 0.0049385, 0.0043316, 0.0041061, 0.0034845, 0.0031661, 0.0029267
0.02648, 0.0135611, 0.0091966, 0.0071082, 0.0054079, 0.0047554, 0.0047866, 0.0043163, 0.0038803, 0.003487, 0.003274, 0.0029411
0.0263557, 0.0134957, 0.0091312, 0.0069504, 0.0053909, 0.0052277, 0.0049011, 0.0043251, 0.0039073, 0.0034811, 0.0031884, 0.0029259
0.0262806, 0.0134418, 0.0091523, 0.0069154, 0.0054486, 0.0047087, 0.0048673, 0.0043231, 0.0038675, 0.0034912, 0.0031743, 0.0034153
0.0264228, 0.0135372, 0.009209, 0.0068314, 0.0054265, 0.0048982, 0.0048548, 0.0042972, 0.0038521, 0.0034819, 0.0031614, 0.0029054
0.0263603, 0.0134672, 0.0092331, 0.0069398, 0.0055792, 0.0047935, 0.0048959, 0.0042878, 0.0038544, 0.0034901, 0.0031768, 0.0029665
0.0263631, 0.0135641, 0.0091053, 0.0083672, 0.0054443, 0.0053982, 0.0049084, 0.0043268, 0.0038709, 0.0034853, 0.0031821, 0.002926
0.0261645, 0.0133084, 0.0090037, 0.0067725, 0.0053927, 0.0047162, 0.0046772, 0.00431, 0.0038292, 0.0034634, 0.0031863, 0.002974
0.0264113, 0.0136497, 0.0096826, 0.0069716, 0.0063904, 0.0045402, 0.0048756, 0.0043182, 0.0038399, 0.0034581, 0.0031709, 0.0029687
0.0263031, 0.0135799, 0.0090338, 0.0080668, 0.0057011, 0.0052595, 0.0048735, 0.0043225, 0.0038274, 0.0034868, 0.0031489, 0.0029201
0.0263405, 0.0133939, 0.0091012, 0.0069352, 0.0054531, 0.0046844, 0.0048718, 0.0043262, 0.0038771, 0.0034586, 0.0031634, 0.0031101
0.0266012, 0.0135215, 0.0090306, 0.0079356, 0.0054558, 0.0047795, 0.0048857, 0.0043139, 0.0038651, 0.0034857, 0.0031944, 0.0029228
0.0262492, 0.0135357, 0.0089906, 0.0069886, 0.0059881, 0.0045596, 0.0048888, 0.0043046, 0.0038403, 0.0034799, 0.0031766, 0.0029194
0.0266734, 0.0133059, 0.0091296, 0.0068567, 0.0054007, 0.0047278, 0.0045687, 0.0043347, 0.0038525, 0.0034717, 0.0037637, 0.0039121
0.026423, 0.01355, 0.0099534, 0.0070617, 0.0058028, 0.0054385, 0.0048769, 0.004347, 0.0038648, 0.0035048, 0.0031792, 0.0030639
0.0263423, 0.0137889, 0.0090394, 0.0069031, 0.0053834, 0.0050709, 0.0049841, 0.0043194, 0.0038441, 0.0034654, 0.0031743, 0.0029267
0.0263224, 0.0135687, 0.0091441, 0.0069704, 0.0053738, 0.0054303, 0.0048324, 0.0042634, 0.0043677, 0.0034814, 0.0031652, 0.0029112
0.0263495, 0.0134402, 0.009016, 0.0068804, 0.0066668, 0.005512, 0.004715, 0.004308, 0.0038437, 0.003471, 0.0032064, 0.0047553
0.0262958, 0.013621, 0.0090588, 0.0068724, 0.005991, 0.0045075, 0.004859, 0.0043274, 0.0038879, 0.0034631, 0.003176, 0.0030042
0.0263135, 0.0134971, 0.0090578, 0.0069219, 0.0054378, 0.005623, 0.0047435, 0.0043058, 0.0038557, 0.0034635, 0.0032025, 0.0029107
0.0264167, 0.0136684, 0.0091266, 0.0069723, 0.0057368, 0.0047157, 0.0048838, 0.0043481, 0.0038656, 0.0034751, 0.0031765, 0.0030032
0.0263915, 0.0133791, 0.0090039, 0.0069549, 0.005377, 0.0046198, 0.0048782, 0.0043006, 0.0038313, 0.0042763, 0.0031762, 0.0029185
0.0263892, 0.0132368, 0.0093337, 0.0069219, 0.0066493, 0.0045214, 0.0048957, 0.0041671, 0.0038544, 0.0035018, 0.0031592, 0.0030017
0.0264767, 0.0134451, 0.0091596, 0.0071901, 0.0054096, 0.0048055, 0.0048955, 0.0043308, 0.0038515, 0.0035666, 0.003195, 0.0029073
0.0263634, 0.0138899, 0.0092795, 0.0069679, 0.0055853, 0.0045777, 0.0048572, 0.004334, 0.0039613, 0.0034696, 0.0031578, 0.0029321
0.0263866, 0.0137724, 0.0090729, 0.006974, 0.005515, 0.0055316, 0.0045764, 0.0043378, 0.0038393, 0.0034568, 0.0031674, 0.0029383
0.026215, 0.0136635, 0.0091012, 0.0072073, 0.0061352, 0.0056643, 0.0050303, 0.0043134, 0.0038773, 0.0035091, 0.0031852, 0.002933
0.0263822, 0.0137393, 0.0091826, 0.007732, 0.0054681, 0.0054252, 0.0049133, 0.0043049, 0.0038399, 0.0034828, 0.0031909, 0.002928
0.026465, 0.0134929, 0.009319, 0.0069781, 0.0054461, 0.0049815, 0.0049049, 0.0042978, 0.0038347, 0.0034684, 0.0031959, 0.0029078
0.0263041, 0.0134352, 0.0090623, 0.0075776, 0.0054825, 0.004733, 0.0047105, 0.0042782, 0.0038223, 0.0034801, 0.0039704, 0.0029167
0.0263931, 0.0139803, 0.0091219, 0.00697, 0.0058134, 0.0045361, 0.00488, 0.0043119, 0.0038511, 0.0034813, 0.0031718, 0.0029061
0.0262767, 0.0156644, 0.0090793, 0.0074484, 0.0056047, 0.0045747, 0.0046899, 0.0043069, 0.0038435, 0.0034982, 0.0032074, 0.004754
0.0264406, 0.0135212, 0.0091985, 0.0069907, 0.0057767, 0.0045118, 0.0048513, 0.0043222, 0.0038484, 0.0034717, 0.0031731, 0.0029161
0.0264885, 0.013614, 0.0092142, 0.0072468, 0.0053764, 0.0047735, 0.0048736, 0.0042977, 0.00385, 0.003475, 0.0033005, 0.0029322
0.0265302, 0.0135547, 0.010377, 0.0070086, 0.0061204, 0.0045288, 0.0048814, 0.0041766, 0.0038629, 0.0034579, 0.0031672, 0.0029257
0.0264996, 0.013535, 0.0092089, 0.0073626, 0.0053807, 0.0050959, 0.0048017, 0.0043281, 0.0038487, 0.0034618, 0.003175, 0.0029078
0.0262743, 0.0135259, 0.0091206, 0.0069769, 0.0054539, 0.0044998, 0.0048943, 0.0043165, 0.0038952, 0.003462, 0.0031715, 0.0029253
0.0263293, 0.0135313, 0.0090058, 0.0072243, 0.0055339, 0.0055768, 0.0047794, 0.0043241, 0.003857, 0.0034814, 0.0041902, 0.002937
0.0263398, 0.0135057, 0.0090212, 0.0067868, 0.0058089, 0.0045229, 0.0048637, 0.0043514, 0.0038462, 0.0034975, 0.0031618, 0.0029314
0.0262717, 0.0137992, 0.0091831, 0.0072629, 0.0053768, 0.0055361, 0.0048716, 0.0043246, 0.0038434, 0.0037762, 0.0046438, 0.0048337
0.0263124, 0.0134191, 0.0091274, 0.006902, 0.005468, 0.0047006, 0.004749, 0.004304, 0.0038808, 0.0034783, 0.0031901, 0.0029237
0.026261, 0.0134549, 0.0094879, 0.006867, 0.0061315, 0.0047458, 0.0048988, 0.0043198, 0.003838, 0.003524, 0.0031618, 0.0029246
0.0262972, 0.0134216, 0.0096036, 0.0069208, 0.0061256, 0.0046042, 0.0048844, 0.00432, 0.0038375, 0.0034727, 0.0031628, 0.0040735
0.0265225, 0.0134986, 0.0089872, 0.0068518, 0.0053983, 0.0047488, 0.0049037, 0.004313, 0.0038251, 0.0034835, 0.0031946, 0.0029086
0.0262883, 0.0135296, 0.0092191, 0.0068428, 0.0055736, 0.0049672, 0.004899, 0.004317, 0.003838, 0.0034847, 0.0031591, 0.0029146
0.0265454, 0.0136323, 0.0091483, 0.0073459, 0.0053836, 0.005505, 0.0046315, 0.0042939, 0.0038694, 0.0034674, 0.0037854, 0.0029222
0.026279, 0.0134111, 0.0092464, 0.0069139, 0.0057868, 0.0052232, 0.004926, 0.0043303, 0.0038671, 0.00347, 0.0031816, 0.0029261
0.0264044, 0.0134838, 0.0091201, 0.0069701, 0.0053764, 0.0046912, 0.0048041, 0.0043771, 0.0038775, 0.0039213, 0.0043626, 0.0052491
0.0267498, 0.0140582, 0.009224, 0.0068024, 0.0057136, 0.0049062, 0.0048523, 0.0044504, 0.0038936, 0.0035592, 0.0033532, 0.0030397
0.0265764, 0.0133831, 0.0090781, 0.006824, 0.005992, 0.0051602, 0.0049512, 0.0042627, 0.0039631, 0.0035778, 0.0034086, 0.0032768
