# Each column contains the run times for a given thread. They are, in order: 1, 2, 3, 4, 5, 6, 7, 8, 9, 10, 11, 12.
0.0645726, 0.0334087, 0.0229459, 0.0187474, 0.0149523, 0.014605, 0.0124957, 0.0110024, 0.0097963, 0.0088742, 0.0080639, 0.0077378
0.0645579, 0.0354562, 0.02522, 0.0201655, 0.0171768, 0.0146087, 0.0125181, 0.0112677, 0.0098107, 0.0088999, 0.0081402, 0.0075592
0.0644606, 0.0332945, 0.0245497, 0.020235, 0.0161479, 0.0139026, 0.0125389, 0.0110331, 0.0098064, 0.0090485, 0.0082071, 0.010839
0.0655607, 0.0334417, 0.022259, 0.0167544, 0.013464, 0.013858, 0.0124701, 0.0110595, 0.0098511, 0.0094573, 0.0081887, 0.0079103
0.0649922, 0.0325286, 0.0220836, 0.017681, 0.0158457, 0.0136359, 0.0124486, 0.0112139, 0.0098434, 0.0089174, 0.0082044, 0.0079969
0.064907, 0.0330796, 0.022558, 0.0188031, 0.015096, 0.0136734, 0.0124628, 0.0109906, 0.0099287, 0.0089161, 0.008278, 0.0088899
0.0650608, 0.0326995, 0.0284233, 0.016987, 0.0169404, 0.0139547, 0.0126736, 0.0111413, 0.009957, 0.0089932, 0.0081746, 0.0076194
0.0654925, 0.0395462, 0.022036, 0.0179912, 0.0132308, 0.012616, 0.012489, 0.010937, 0.0097637, 0.0089348, 0.0082219, 0.0114461
0.0648357, 0.0382935, 0.0226096, 0.0213323, 0.015875, 0.0126699, 0.0125353, 0.011014, 0.0098199, 0.0089216, 0.0084715, 0.0112131
0.0646377, 0.0335025, 0.0222999, 0.0184328, 0.0149321, 0.0134911, 0.0124814, 0.0110062, 0.0100157, 0.0089654, 0.0082066, 0.0076441
0.0644623, 0.0331924, 0.0221999, 0.0183224, 0.0131999, 0.0144689, 0.0122092, 0.0109234, 0.0098641, 0.0089232, 0.0085768, 0.0079044
0.0663942, 0.0369931, 0.0261656, 0.0208109, 0.0150046, 0.01449, 0.0126048, 0.0109039, 0.0098947, 0.0089384, 0.0085087, 0.0106927
0.0646355, 0.0340641, 0.0220114, 0.0169398, 0.0134911, 0.0145879, 0.0125355, 0.0110436, 0.009833, 0.0088836, 0.0081772, 0.0076006
0.0646582, 0.0334611, 0.0220752, 0.0184381, 0.0172796, 0.0144361, 0.012598, 0.0109865, 0.0098742, 0.0089889, 0.0083454, 0.0077141
0.0644867, 0.0349931, 0.0260562, 0.0169343, 0.0152234, 0.0139553, 0.0122544, 0.0109325, 0.0099155, 0.0094767, 0.0083331, 0.0076846
0.0646936, 0.0333969, 0.0221507, 0.0172977, 0.0132374, 0.013757, 0.0120931, 0.0108726, 0.0099047, 0.0089401, 0.0081877, 0.007717
0.065496, 0.0333912, 0.0255288, 0.019159, 0.0151958, 0.0140763, 0.0126175, 0.0110035, 0.0099636, 0.0089729, 0.0082081, 0.0096455
0.0654679, 0.0333644, 0.0258156, 0.0193232, 0.0145244, 0.0137432, 0.0126122, 0.0110734, 0.0099256, 0.0090497, 0.0092613, 0.0077913
0.0645482, 0.0332271, 0.0222197, 0.018549, 0.0132599, 0.0139607, 0.0125108, 0.0111296, 0.0098061, 0.0091244, 0.0084511, 0.008165
0.064831, 0.0346192, 0.0220213, 0.0184853, 0.0153348, 0.0143511, 0.0123165, 0.0108642, 0.0099375, 0.0088943, 0.0082808, 0.0112021
0.0645455, 0.0324174, 0.0269003, 0.0169366, 0.0173252, 0.0133686, 0.0123465, 0.0108173, 0.0098502, 0.0091653, 0.0082233, 0.0078747
0.0648024, 0.0326466, 0.0251559, 0.0198784, 0.0135195, 0.0136416, 0.0124799, 0.0109026, 0.0097765, 0.0088595, 0.0083096, 0.0081947
0.0655874, 0.0325938, 0.0278578, 0.0182882, 0.0163977, 0.014337, 0.0125903, 0.0110167, 0.0098622, 0.0089955, 0.0087219, 0.0093742
0.0647788, 0.0325018, 0.0244214, 0.0168408, 0.0156584, 0.0132725, 0.0124456, 0.0110701, 0.0098235, 0.0088418, 0.0081701, 0.0076806
0.0647149, 0.0388851, 0.0284091, 0.019854, 0.0159857, 0.0144432, 0.0125282, 0.0109668, 0.0098356, 0.0088557, 0.0081691, 0.0076484
0.0648428, 0.0332426, 0.0219555, 0.0164425, 0.0153704, 0.0145031, 0.0125899, 0.0108302, 0.0098429, 0.0092754, 0.0082756, 0.0083158
0.0653878, 0.033478, 0.027627, 0.0165482, 0.0151063, 0.0143716, 0.0125648, 0.0109515, 0.0099561, 0.0090197, 0.008136, 0.0085481
0.0643376, 0.0326677, 0.0283557, 0.0169574, 0.0172446, 0.0146882, 0.0125996, 0.0109736, 0.0099275, 0.0088788, 0.008461, 0.0097486
0.0643373, 0.0339139, 0.0252073, 0.0178775, 0.0175416, 0.0137787, 0.0125027, 0.0109594, 0.009837, 0.0089231, 0.0081938, 0.0084527
0.0650977, 0.0337016, 0.0218173, 0.0180932, 0.0134404, 0.0139014, 0.012445, 0.0109561, 0.0100022, 0.0094775, 0.0082274, 0.0105975
0.0650275, 0.0334548, 0.0220034, 0.0185608, 0.0135664, 0.0137669, 0.012406, 0.0109443, 0.0097922, 0.0089241, 0.0082074, 0.0075421
0.0647913, 0.0366271, 0.0257725, 0.0171804, 0.0136581, 0.014498, 0.0127909, 0.0109803, 0.0098479, 0.0089047, 0.0084695, 0.0082634
0.0646939, 0.0386632, 0.0218458, 0.0173216, 0.01636, 0.0137217, 0.0123502, 0.0109321, 0.0099289, 0.0088098, 0.0085074, 0.0076936
0.0659763, 0.0326024, 0.028609, 0.020689, 0.0160853, 0.0142947, 0.0124658, 0.0111699, 0.0098012, 0.0092219, 0.0080925, 0.0079891
0.0649285, 0.0326763, 0.0219919, 0.0173449, 0.0134922, 0.0132521, 0.0117804, 0.0110287, 0.0097699, 0.0089427, 0.0081102, 0.0085246
0.0648014, 0.0326665, 0.0219799, 0.0184092, 0.0135429, 0.0134208, 0.0123096, 0.010982, 0.0099385, 0.0088351, 0.0082457, 0.007858
0.0646964, 0.0332996, 0.0232975, 0.0186902, 0.0153511, 0.0144938, 0.0125868, 0.0110983, 0.0101924, 0.0089617, 0.0081483, 0.0080723
0.0648982, 0.0333098, 0.0221563, 0.0191165, 0.0164083, 0.0145225, 0.0119208, 0.011031, 0.0098712, 0.0089432, 0.0081249, 0.0076219
0.0647798, 0.0328514, 0.0217589, 0.0212241, 0.0138979, 0.0146481, 0.0124891, 0.0108801, 0.0098507, 0.0089759, 0.0081593, 0.007643
0.0644234, 0.0324373, 0.0224326, 0.0180133, 0.0167132, 0.0131501, 0.0123959, 0.0108154, 0.0098392, 0.0089667, 0.0091526, 0.0077525
0.0649369, 0.0322372, 0.0218534, 0.0186383, 0.0135784, 0.0144548, 0.0126247, 0.0109919, 0.0098791, 0.0106718, 0.0114716, 0.0123431
0.0650894, 0.0326094, 0.0224331, 0.0168959, 0.0136221, 0.01382, 0.0121099, 0.0109106, 0.0098389, 0.0088923, 0.0087065, 0.0104894
0.0647222, 0.0322725, 0.0225205, 0.0190558, 0.0170787, 0.0140868, 0.0125257, 0.0110228, 0.0097857, 0.0089027, 0.008204, 0.0077943
0.0647373, 0.0324924, 0.0223418, 0.0168383, 0.01354, 0.014362, 0.012462, 0.0111173, 0.0098684, 0.009231, 0.0081442, 0.0076139
0.0644951, 0.0351227, 0.0223464, 0.0171121, 0.0164949, 0.0142364, 0.0123951, 0.0110566, 0.0097995, 0.009191, 0.0081656, 0.0130263
0.0644758, 0.0392713, 0.0248789, 0.0201557, 0.0162722, 0.0145669, 0.0124711, 0.011113, 0.0099127, 0.0089077, 0.008423, 0.0099395
0.0646032, 0.033232, 0.0223274, 0.0165565, 0.0171883, 0.0127688, 0.0122399, 0.011013, 0.0098604, 0.0090022, 0.008125, 0.0078164
0.0644855, 0.0327013, 0.0224167, 0.0166055, 0.0134539, 0.0136115, 0.012331, 0.010683, 0.0097814, 0.0091775, 0.0082154, 0.0106132
0.065634, 0.0334245, 0.0242256, 0.0195353, 0.0155718, 0.0145607, 0.0124264, 0.0109927, 0.0097844, 0.0098255, 0.0091897, 0.0108363
0.0643907, 0.032637, 0.0245828, 0.0180947, 0.0167622, 0.0127489, 0.0124668, 0.0109104, 0.0098403, 0.0089736, 0.0081393, 0.0078376
0.0648313, 0.0335454, 0.022078, 0.0172897, 0.015086, 0.0130557, 0.0125773, 0.0110604, 0.009825, 0.0089036, 0.008517, 0.0076894
0.0646251, 0.0332219, 0.027147, 0.0199382, 0.0147983, 0.0142489, 0.0125659, 0.0110439, 0.0100144, 0.0090945, 0.0084383, 0.0076272
0.0646785, 0.0333213, 0.0221988, 0.018678, 0.0135549, 0.0145335, 0.0124829, 0.0108755, 0.0098342, 0.0088723, 0.0081619, 0.0078577
0.0645223, 0.0324864, 0.0219488, 0.0169437, 0.0134071, 0.0139511, 0.0124811, 0.0109703, 0.0097362, 0.0089034, 0.0085942, 0.013153
0.0646856, 0.0325238, 0.0258379, 0.0196664, 0.0166472, 0.0142521, 0.0125708, 0.0110152, 0.0098968, 0.008962, 0.0081459, 0.0076805
0.0647927, 0.0326683, 0.0282103, 0.0166296, 0.013316, 0.0142736, 0.0123553, 0.011044, 0.0099195, 0.0109239, 0.0106551, 0.0131321
0.0644891, 0.0324422, 0.0217266, 0.0169354, 0.0169926, 0.0142149, 0.0121927, 0.0109078, 0.009702, 0.008863, 0.0094733, 0.0075468
0.0648103, 0.0327096, 0.0236186, 0.0189865, 0.0133544, 0.0140596, 0.0125183, 0.0110172, 0.0100429, 0.0089751, 0.0081813, 0.0079352
0.0646511, 0.0332625, 0.0223767, 0.0165659, 0.0171514, 0.0140638, 0.0124888, 0.0109287, 0.0098016, 0.0088741, 0.0081832, 0.0078544
0.06459, 0.037357, 0.0252429, 0.0211181, 0.0166135, 0.0143657, 0.0123242, 0.0110266, 0.0098115, 0.009428, 0.0087408, 0.0091014
0.0649321, 0.0334097, 0.0221943, 0.0183716, 0.0146169, 0.0145395, 0.0124918, 0.010969, 0.0098132, 0.0089274, 0.0081697, 0.0078947
0.0649742, 0.033467, 0.0241947, 0.0176451, 0.0164729, 0.0134106, 0.0119714, 0.01104, 0.009927, 0.008945, 0.0082774, 0.0078937
0.0648125, 0.032582, 0.0219301, 0.0170353, 0.0139075, 0.0140771, 0.0124877, 0.0109239, 0.0099345, 0.009241, 0.0088099, 0.0103259
0.0645078, 0.0334006, 0.0221828, 0.0166778, 0.0172363, 0.0144459, 0.0125313, 0.0110208, 0.0097826, 0.0088676, 0.0085477, 0.0095572
0.0647874, 0.0332313, 0.0221369, 0.0197917, 0.0136816, 0.0141763, 0.0123635, 0.0109608, 0.0097936, 0.0089373, 0.0082452, 0.0076246
0.0646094, 0.033449, 0.0271885, 0.0173211, 0.015284, 0.0144596, 0.0125396, 0.0109876, 0.0099687, 0.0090815, 0.0081543, 0.0077888
0.0645075, 0.0333985, 0.0285359, 0.0165565, 0.01343, 0.0144864, 0.0123906, 0.011001, 0.0097867, 0.0089379, 0.0081951, 0.0078605
0.0648146, 0.0333217, 0.0260667, 0.0164131, 0.0141323, 0.0144757, 0.0123145, 0.0110942, 0.0098159, 0.0091096, 0.0081869, 0.0078985
0.0646749, 0.0331856, 0.0250703, 0.0175691, 0.0169816, 0.0144283, 0.0125099, 0.0108693, 0.0098184, 0.0089297, 0.0081594, 0.0075422
0.0646167, 0.0327466, 0.0284478, 0.0201723, 0.0145817, 0.0144862, 0.0124372, 0.0110238, 0.0098641, 0.009505, 0.0092324, 0.0125815
0.0644601, 0.0325076, 0.0273397, 0.0176389, 0.0169838, 0.0140007, 0.0120017, 0.0109873, 0.0098158, 0.009043, 0.0083422, 0.0103388
0.0648714, 0.0349727, 0.0219391, 0.0206085, 0.0165912, 0.0146533, 0.0124251, 0.0110438, 0.0098796, 0.0089296, 0.0081868, 0.0080659
0.0643519, 0.0334755, 0.0222634, 0.0186584, 0.0163523, 0.0136479, 0.0124202, 0.010971, 0.0098615, 0.008987, 0.008189, 0.0075998
0.0645918, 0.0338384, 0.0223911, 0.0185254, 0.015984, 0.0142846, 0.0124787, 0.0108748, 0.0099744, 0.008868, 0.0082577, 0.0076885
0.0646659, 0.0324776, 0.0276566, 0.016847, 0.0167577, 0.0142824, 0.0124171, 0.0109485, 0.0098814, 0.0090337, 0.0081736, 0.0091347
0.0646772, 0.0334304, 0.0224312, 0.0197663, 0.0136761, 0.0144398, 0.0125866, 0.0109882, 0.0098712, 0.0089522, 0.0081746, 0.0130937
0.064799, 0.0332651, 0.022099, 0.0165112, 0.0171337, 0.0138231, 0.0124755, 0.0109835, 0.0099175, 0.009014, 0.0090156, 0.0120205
0.0644026, 0.0324781, 0.0220665, 0.0169203, 0.015283, 0.0142046, 0.012469, 0.0109458, 0.0099142, 0.0089569, 0.0081728, 0.0078534
0.0648834, 0.0330941, 0.0220719, 0.018349, 0.0132432, 0.0144473, 0.0123984, 0.0107474, 0.0099835, 0.0098407, 0.0093201, 0.0102764
0.0660964, 0.035513, 0.0232146, 0.0206627, 0.0169126, 0.0146389, 0.0125878, 0.011113, 0.0099394, 0.0089718, 0.0087052, 0.010956
0.0653625, 0.037968, 0.0272979, 0.0218391, 0.0163791, 0.0146769, 0.0126321, 0.0110602, 0.0097941, 0.0114638, 0.0113342, 0.0100474
0.0650955, 0.0325812, 0.023294, 0.0185069, 0.017263, 0.0141992, 0.0125963, 0.0109397, 0.009843, 0.0089192, 0.0081573, 0.0079823
0.065132, 0.0327816, 0.0285603, 0.0178318, 0.0135341, 0.0143841, 0.0125673, 0.0110065, 0.0096555, 0.0089499, 0.0081803, 0.0082225
0.0645073, 0.0324883, 0.0267153, 0.0204257, 0.0136132, 0.0145741, 0.0124885, 0.0110915, 0.0098762, 0.008939, 0.0083255, 0.0081771
0.0644137, 0.0334839, 0.028285, 0.0195454, 0.0160877, 0.0143373, 0.012594, 0.0107452, 0.0098821, 0.0089715, 0.0081824, 0.0080412
0.0646411, 0.0332466, 0.0221055, 0.0165316, 0.017243, 0.0145321, 0.012741, 0.0110639, 0.0098778, 0.0091943, 0.0082182, 0.0078613
0.0646054, 0.0334917, 0.0222759, 0.0196758, 0.0135848, 0.0145722, 0.0124868, 0.0110015, 0.009933, 0.0090621, 0.0105916, 0.0104302
0.0648788, 0.0330884, 0.0260162, 0.0177673, 0.0142831, 0.0145752, 0.0125396, 0.0110453, 0.009849, 0.0088887, 0.0086242, 0.0080647
0.0644564, 0.0325394, 0.0239874, 0.0169146, 0.0162158, 0.0140658, 0.0125848, 0.010914, 0.0098469, 0.0089702, 0.0081122, 0.0079458
0.0648776, 0.0335122, 0.0222056, 0.020163, 0.0136881, 0.0142159, 0.012636, 0.011115, 0.0099078, 0.0090018, 0.0082757, 0.0078582
0.0654545, 0.0334794, 0.0255985, 0.0167836, 0.0133573, 0.0145559, 0.0125516, 0.0109451, 0.0098046, 0.0096847, 0.0082356, 0.0089811
0.0643903, 0.0327858, 0.0253443, 0.0164772, 0.0139491, 0.0143974, 0.0121445, 0.010997, 0.009725, 0.0088386, 0.0082186, 0.0074916
0.0648859, 0.0327732, 0.0221754, 0.0212201, 0.0135063, 0.0145954, 0.0126412, 0.010776, 0.0097714, 0.0089288, 0.008145, 0.0077912
0.0648796, 0.0335438, 0.0250067, 0.0175896, 0.0171224, 0.0144758, 0.0124261, 0.011003, 0.009926, 0.0090195, 0.0081814, 0.0078616
0.0644306, 0.0349192, 0.0222443, 0.0173545, 0.0139227, 0.0144701, 0.012454, 0.0109677, 0.0098576, 0.0089744, 0.0081068, 0.0078328
0.0647611, 0.0337736, 0.0221718, 0.0178897, 0.0135738, 0.0142938, 0.0122991, 0.0110511, 0.0098954, 0.0090361, 0.008932, 0.0131525
0.0647216, 0.0333452, 0.0274013, 0.0167067, 0.0172352, 0.014191, 0.0125674, 0.0109484, 0.0097815, 0.0090718, 0.0080743, 0.0082644
0.0647199, 0.0329609, 0.0219147, 0.0167442, 0.0135528, 0.0136436, 0.0124659, 0.0109999, 0.0099403, 0.0102372, 0.0081133, 0.0099627
0.0643967, 0.0411719, 0.0244031, 0.0174123, 0.0166513, 0.0143995, 0.0126201, 0.0111479, 0.0098229, 0.0145623, 0.0082073, 0.0089177
0.0639858, 0.0331633, 0.0221665, 0.0172456, 0.0155092, 0.0139828, 0.0124968, 0.0108757, 0.0098231, 0.0090252, 0.0083978, 0.0075044
