# Each column contains the run times for a given thread. They are, in order: 1, 2, 3, 4, 5, 6, 7, 8, 9, 10, 11, 12.
0.0364484, 0.0197719, 0.0124434, 0.0092164, 0.0077263, 0.008657, 0.0076203, 0.0077911, 0.0066274, 0.0063318, 0.005761, 0.005916
0.0366875, 0.0180926, 0.0123079, 0.00912, 0.0073728, 0.0103442, 0.008894, 0.0076182, 0.0069587, 0.0062929, 0.0057864, 0.0056131
0.0368648, 0.0179881, 0.0119918, 0.0094731, 0.0087393, 0.010308, 0.0090077, 0.0078137, 0.0071815, 0.0064566, 0.0057893, 0.007727
0.0370716, 0.0192427, 0.013979, 0.0092759, 0.0075561, 0.0104482, 0.0090223, 0.0077969, 0.0070566, 0.0064532, 0.005813, 0.0057363
0.0367885, 0.0180729, 0.0122059, 0.009894, 0.0074558, 0.0103883, 0.0090944, 0.0078082, 0.0071758, 0.0065678, 0.007008, 0.0082695
0.0368796, 0.018161, 0.0121199, 0.0091106, 0.0074765, 0.0103931, 0.0089271, 0.007944, 0.0071271, 0.0063116, 0.0057846, 0.0054086
0.0365975, 0.0179645, 0.0174548, 0.0092055, 0.0099571, 0.0105008, 0.0088663, 0.0076087, 0.0069588, 0.0063433, 0.0058345, 0.0068374
0.0368915, 0.0180396, 0.0121187, 0.0096417, 0.0074144, 0.0091512, 0.0089201, 0.0074768, 0.0069774, 0.0063341, 0.0057317, 0.0054338
0.0369, 0.0258577, 0.0204676, 0.0098067, 0.0123298, 0.0094503, 0.0086567, 0.0077848, 0.0071095, 0.0063633, 0.0058173, 0.0054614
0.0367478, 0.0180871, 0.014414, 0.0091955, 0.0074658, 0.0103748, 0.0089124, 0.0079829, 0.0069858, 0.0063518, 0.0058608, 0.0056885
0.0367538, 0.0179878, 0.0121703, 0.0096841, 0.0074833, 0.0103293, 0.0089877, 0.0078036, 0.007066, 0.0063182, 0.0057737, 0.0054297
0.0366833, 0.0182375, 0.0121836, 0.0090721, 0.0122692, 0.0103783, 0.0088728, 0.007923, 0.0071787, 0.0063223, 0.0072534, 0.0083088
0.036873, 0.0180651, 0.0162828, 0.0092, 0.0123871, 0.0103009, 0.0088487, 0.0078099, 0.0070016, 0.0063331, 0.0058918, 0.005308
0.0366307, 0.0180795, 0.0121432, 0.0110367, 0.0074262, 0.0092283, 0.0090683, 0.0080989, 0.0069723, 0.0063286, 0.0057448, 0.0053556
0.0367454, 0.0182538, 0.0121439, 0.0092269, 0.0075696, 0.0103481, 0.0089703, 0.0078005, 0.0070351, 0.0063689, 0.0058233, 0.0053822
0.036614, 0.0184932, 0.0124739, 0.0096037, 0.0117094, 0.0103846, 0.0090246, 0.0078975, 0.0070425, 0.0063254, 0.0057841, 0.0053577
0.0367411, 0.0179827, 0.0120402, 0.0097047, 0.0072608, 0.0103397, 0.0088805, 0.0074213, 0.0069898, 0.0063302, 0.0057456, 0.0053481
0.0367264, 0.0180046, 0.0170666, 0.0090925, 0.0076438, 0.008537, 0.0088222, 0.0078361, 0.0070359, 0.006322, 0.0058152, 0.0053323
0.0367315, 0.0181806, 0.0123299, 0.009137, 0.0073862, 0.0092661, 0.0088861, 0.0078555, 0.0070027, 0.0065258, 0.0057925, 0.0054499
0.0367081, 0.0180193, 0.0174475, 0.0107608, 0.0074402, 0.009109, 0.0088849, 0.0079751, 0.0069733, 0.0063492, 0.0057501, 0.00533
0.0367716, 0.0179199, 0.0126782, 0.0091371, 0.0076745, 0.0079434, 0.008928, 0.0078332, 0.0070246, 0.0063652, 0.0057681, 0.0057623
0.0368241, 0.0302067, 0.0122682, 0.0091259, 0.0103284, 0.0103434, 0.0089129, 0.0080142, 0.0070089, 0.006354, 0.0058207, 0.0054455
0.0365886, 0.0180729, 0.0119519, 0.0135205, 0.0094385, 0.0103499, 0.0089485, 0.0078748, 0.0070576, 0.0063089, 0.0058231, 0.0055354
0.0368329, 0.0179748, 0.0178945, 0.0090498, 0.0087957, 0.0104773, 0.0083704, 0.0078185, 0.0069576, 0.0063462, 0.0057743, 0.0053599
0.0366618, 0.0180714, 0.0122817, 0.0094444, 0.007384, 0.010367, 0.0089638, 0.0077839, 0.0069799, 0.0062998, 0.005792, 0.0054473
0.036704, 0.0181391, 0.0122299, 0.0093052, 0.0076865, 0.0103512, 0.0088654, 0.0076067, 0.007003, 0.0063223, 0.00575, 0.0055114
0.036666, 0.0180848, 0.0179526, 0.0091356, 0.0074694, 0.0065054, 0.0077217, 0.0078579, 0.0070036, 0.0062965, 0.005733, 0.0054374
0.0368112, 0.0179381, 0.012072, 0.0092718, 0.0110718, 0.0103477, 0.0090619, 0.007593, 0.0069152, 0.0063003, 0.0057693, 0.0054403
0.0366925, 0.0180851, 0.0120678, 0.0153673, 0.0121766, 0.0090941, 0.0088577, 0.0077359, 0.0069863, 0.0063085, 0.0057723, 0.005379
0.0366908, 0.0180942, 0.0122163, 0.0090045, 0.0081278, 0.0081026, 0.0088861, 0.0079138, 0.0069868, 0.0063575, 0.0064692, 0.0083399
0.0368889, 0.0179967, 0.0120441, 0.0111609, 0.0109416, 0.0103382, 0.0089198, 0.0077757, 0.0069601, 0.0063076, 0.0058985, 0.0055195
0.0368462, 0.0181027, 0.0122336, 0.0091646, 0.0085321, 0.0086133, 0.0088578, 0.0078814, 0.0069629, 0.0063483, 0.0057639, 0.0053458
0.0367328, 0.0181361, 0.0121731, 0.0092625, 0.0074586, 0.0094903, 0.0088735, 0.0078125, 0.0070105, 0.0063312, 0.0057801, 0.0054087
0.0366571, 0.0180796, 0.0121925, 0.0090857, 0.0120945, 0.0103368, 0.0091398, 0.0078218, 0.0070219, 0.0063072, 0.0057583, 0.0053307
0.0368451, 0.0180404, 0.0121209, 0.0090745, 0.0076943, 0.0103478, 0.0089906, 0.0078004, 0.0070012, 0.0063391, 0.0057596, 0.0053663
0.0366808, 0.0179705, 0.0120695, 0.0092898, 0.0081646, 0.0103835, 0.0089766, 0.0078792, 0.0070718, 0.0063674, 0.0058336, 0.0062466
0.0383152, 0.0263917, 0.0123081, 0.0154087, 0.0077624, 0.0098168, 0.0088544, 0.0079476, 0.0069828, 0.0064497, 0.0057609, 0.0053343
0.0369425, 0.0190056, 0.0121016, 0.0091638, 0.0075451, 0.0104325, 0.0088893, 0.0077878, 0.0070768, 0.0063904, 0.005825, 0.0055703
0.0369963, 0.0180697, 0.0121751, 0.0091344, 0.0074427, 0.0103935, 0.0088823, 0.0075416, 0.0070166, 0.0064412, 0.005974, 0.0054022
0.0368243, 0.0181659, 0.0120326, 0.0090415, 0.0074237, 0.0103428, 0.0088895, 0.0078336, 0.0070064, 0.0063271, 0.0057799, 0.0054736
0.0367183, 0.0181563, 0.0120438, 0.0090366, 0.0113253, 0.0087079, 0.0088467, 0.0077324, 0.0069814, 0.006391, 0.0060906, 0.0083017
0.0369533, 0.0180243, 0.0121283, 0.008999, 0.0091755, 0.010415, 0.0087407, 0.0078143, 0.0069725, 0.0062977, 0.0057553, 0.0053281
0.0369813, 0.0183065, 0.0177001, 0.0089944, 0.0076638, 0.0095371, 0.0084516, 0.008041, 0.0070147, 0.0063285, 0.0057623, 0.0057492
0.0368982, 0.0182631, 0.0164734, 0.0129681, 0.0077126, 0.0103455, 0.0088904, 0.0079124, 0.0069655, 0.0062989, 0.0057557, 0.0053608
0.0366996, 0.0180044, 0.0121337, 0.0120215, 0.0075682, 0.0103787, 0.0089105, 0.0078406, 0.0069852, 0.0063104, 0.0057791, 0.0053887
0.0369129, 0.0183074, 0.0128923, 0.0091606, 0.0075403, 0.0103577, 0.0089446, 0.0078331, 0.00703, 0.0063261, 0.0058746, 0.0053385
0.0368062, 0.0183045, 0.012292, 0.0093144, 0.007398, 0.0097712, 0.008895, 0.0077898, 0.0069859, 0.0063345, 0.0057496, 0.0053576
0.0370083, 0.0181683, 0.0122812, 0.0090433, 0.0114326, 0.0103309, 0.0090032, 0.0072792, 0.006987, 0.0063753, 0.0070407, 0.0085432
0.0366777, 0.0178908, 0.017453, 0.0096145, 0.0073071, 0.0103085, 0.0090819, 0.0080269, 0.0071531, 0.006469, 0.0059988, 0.0054327
0.0368524, 0.0180914, 0.0124162, 0.0091305, 0.0089092, 0.0103428, 0.0088614, 0.007416, 0.0069384, 0.0063118, 0.0058323, 0.0082054
0.0366756, 0.0186776, 0.0120993, 0.0094227, 0.0123864, 0.0104792, 0.0090339, 0.0071615, 0.0069786, 0.0062814, 0.005816, 0.0053148
0.0367276, 0.0184147, 0.0119975, 0.0141504, 0.0102132, 0.0103312, 0.0089119, 0.0077986, 0.0069493, 0.0063505, 0.0057788, 0.0082725
0.0367652, 0.0186229, 0.0121417, 0.0141371, 0.0077722, 0.0103352, 0.0088702, 0.0078333, 0.0069944, 0.0063467, 0.0058883, 0.0053548
0.0367696, 0.0181929, 0.0176537, 0.009491, 0.0081472, 0.0102676, 0.0088803, 0.0079146, 0.0070233, 0.0063297, 0.0058487, 0.0054435
0.036908, 0.0182112, 0.0202014, 0.0090553, 0.0083098, 0.0103605, 0.0088853, 0.0077834, 0.0069373, 0.0063209, 0.0065635, 0.0074074
0.036642, 0.0198626, 0.0118954, 0.0090813, 0.0074722, 0.0103315, 0.0090238, 0.0072617, 0.0069843, 0.0063724, 0.005931, 0.005371
0.0367676, 0.0181219, 0.0120514, 0.009053, 0.0108942, 0.0103393, 0.0091079, 0.0075227, 0.0069943, 0.0064151, 0.0057413, 0.005346
0.0377477, 0.018463, 0.0124929, 0.0090496, 0.0078271, 0.0103626, 0.0088412, 0.0078577, 0.0070333, 0.0063244, 0.0058155, 0.0054961
0.0369863, 0.0181039, 0.016732, 0.013874, 0.0092411, 0.0103441, 0.008838, 0.0080276, 0.0069849, 0.0063205, 0.0057103, 0.0053311
0.0370706, 0.0178977, 0.0124141, 0.0090881, 0.0074676, 0.010048, 0.0087427, 0.0077982, 0.0069744, 0.0064391, 0.0057657, 0.0054272
0.0367942, 0.0181036, 0.013825, 0.0091049, 0.0108335, 0.0104437, 0.0088458, 0.0077939, 0.0069437, 0.0063309, 0.0057485, 0.0054093
0.0369072, 0.0180751, 0.0121472, 0.009064, 0.0078805, 0.0103164, 0.0088794, 0.0077722, 0.0069544, 0.0063153, 0.0058311, 0.0054516
0.0369058, 0.0180958, 0.0124749, 0.010741, 0.0074064, 0.0103654, 0.0089065, 0.0077832, 0.0069939, 0.0063333, 0.0058741, 0.0054971
0.0370866, 0.0181492, 0.0177693, 0.0090535, 0.0072997, 0.0091586, 0.0088833, 0.0079671, 0.006977, 0.0062656, 0.005741, 0.0053679
0.0367816, 0.0180577, 0.0122616, 0.0090243, 0.009391, 0.0103391, 0.0088445, 0.0079389, 0.0070279, 0.0064542, 0.0057951, 0.0053568
0.0366729, 0.0181694, 0.0121639, 0.0092156, 0.0072536, 0.0097976, 0.0089289, 0.0078136, 0.0070475, 0.0064472, 0.0058201, 0.0080798
0.0367574, 0.0180824, 0.0120554, 0.0091531, 0.0124643, 0.0103751, 0.0089564, 0.0078054, 0.0070212, 0.0063254, 0.0057321, 0.0053689
0.0366247, 0.0178992, 0.0137642, 0.0092524, 0.0111782, 0.0062615, 0.0077532, 0.0078505, 0.0069775, 0.0063316, 0.0057404, 0.0053419
0.0367144, 0.0182039, 0.012125, 0.0130795, 0.0082923, 0.0103488, 0.0088759, 0.0080405, 0.0069905, 0.0062979, 0.0058777, 0.0053133
0.0367021, 0.0181086, 0.0121788, 0.0122939, 0.0124279, 0.0103219, 0.0089189, 0.0077788, 0.006993, 0.0063644, 0.0057708, 0.0053994
0.0366894, 0.0181619, 0.0121782, 0.0111049, 0.0094403, 0.010382, 0.0088574, 0.0079983, 0.0069839, 0.0063269, 0.0057588, 0.0054834
0.0366728, 0.0258752, 0.012015, 0.0091021, 0.0073757, 0.0103403, 0.0088964, 0.008021, 0.0070963, 0.0063025, 0.0057786, 0.0054806
0.0367266, 0.0180832, 0.0120713, 0.0090424, 0.0074972, 0.0103767, 0.008925, 0.0079102, 0.0069492, 0.0063116, 0.0069676, 0.0082691
0.0369222, 0.0181327, 0.012132, 0.0090082, 0.0087029, 0.0103508, 0.0089514, 0.0078193, 0.0070152, 0.0063502, 0.0059789, 0.0053661
0.0368125, 0.0212872, 0.0119701, 0.0090973, 0.0074042, 0.0103493, 0.0088695, 0.0078899, 0.0069895, 0.0063438, 0.005803, 0.005648
0.0367482, 0.0179649, 0.0150057, 0.0097675, 0.0072624, 0.0091588, 0.0090504, 0.0072099, 0.0069744, 0.0064245, 0.0057666, 0.0053636
0.0366701, 0.0180917, 0.0120706, 0.0142114, 0.0086998, 0.0103574, 0.0088966, 0.0077814, 0.0070517, 0.0063018, 0.0057964, 0.0053324
0.036847, 0.0186137, 0.0120178, 0.0090554, 0.0073158, 0.009411, 0.009026, 0.0078229, 0.00703, 0.0063697, 0.0057925, 0.0054542
0.0366856, 0.0181457, 0.0122273, 0.0090851, 0.010107, 0.0099924, 0.0088951, 0.0078584, 0.0069812, 0.006317, 0.0057778, 0.0053351
0.0368303, 0.0184476, 0.0121105, 0.0095972, 0.0106956, 0.0103139, 0.0090926, 0.0079977, 0.0069508, 0.006324, 0.0057777, 0.0053387
0.0369202, 0.0181943, 0.012029, 0.0093845, 0.0075432, 0.0102991, 0.0091501, 0.0078753, 0.0069742, 0.0063994, 0.0057674, 0.0054941
0.0370987, 0.0232023, 0.0122382, 0.0094388, 0.0074811, 0.0103841, 0.0088475, 0.0070742, 0.0069882, 0.0063616, 0.0057771, 0.0053494
0.0367628, 0.0179392, 0.0121453, 0.0151872, 0.0103412, 0.0103562, 0.0088813, 0.0080188, 0.0070086, 0.0063109, 0.0057395, 0.0054824
0.0368764, 0.0180645, 0.012087, 0.0090484, 0.0075835, 0.0103854, 0.0088499, 0.0078123, 0.0069798, 0.0063167, 0.0057437, 0.0054794
0.0368121, 0.0180933, 0.0121703, 0.0092575, 0.0072701, 0.0098298, 0.0089933, 0.0078556, 0.0069992, 0.0063675, 0.0058026, 0.0053511
0.0367668, 0.0181188, 0.0121648, 0.0093037, 0.0073754, 0.0102887, 0.0089156, 0.0080025, 0.0069595, 0.006327, 0.005754, 0.0074189
0.0367684, 0.0181112, 0.0122336, 0.009079, 0.0072669, 0.0103843, 0.0089844, 0.0079417, 0.0070546, 0.0063552, 0.0057762, 0.0058081
0.0368962, 0.0183889, 0.012204, 0.0092658, 0.0102383, 0.0103443, 0.0089081, 0.0079732, 0.0069905, 0.0063527, 0.0058141, 0.0053262
0.0368011, 0.018456, 0.0122732, 0.0112243, 0.0074076, 0.0103431, 0.0089638, 0.0078246, 0.0070442, 0.0062872, 0.0057656, 0.0054755
0.0368018, 0.0180774, 0.0170249, 0.0092174, 0.0072806, 0.0076209, 0.0088954, 0.0079218, 0.0069944, 0.0063202, 0.0057271, 0.0053237
0.0367787, 0.0181061, 0.0122159, 0.009004, 0.0087103, 0.0103998, 0.0088865, 0.0078077, 0.0069625, 0.006359, 0.0057405, 0.0053236
0.0368962, 0.0180564, 0.0120119, 0.011174, 0.0075091, 0.0078004, 0.0083143, 0.0078235, 0.0070311, 0.0063546, 0.0058012, 0.0053725
0.0367458, 0.018043, 0.0135537, 0.0091519, 0.0103425, 0.0103383, 0.0088852, 0.0080092, 0.0069872, 0.0064325, 0.0057593, 0.005406
0.0366306, 0.0181702, 0.0121624, 0.0142693, 0.0102325, 0.0104737, 0.0088215, 0.0079049, 0.0069923, 0.0063433, 0.0057874, 0.0053545
0.0366839, 0.0190073, 0.0172006, 0.0094295, 0.0111096, 0.0093206, 0.0088792, 0.007517, 0.0069834, 0.0063692, 0.005765, 0.0053315
0.0368441, 0.0181668, 0.0174868, 0.0090901, 0.0073439, 0.010337, 0.0088781, 0.0078061, 0.0069499, 0.0063025, 0.0057506, 0.0053839
0.0368674, 0.0180883, 0.0120527, 0.0112415, 0.0074896, 0.0103127, 0.0089946, 0.0079058, 0.0070126, 0.006351, 0.0058345, 0.0054097
0.0367763, 0.0180885, 0.0122575, 0.0154165, 0.0074668, 0.0103404, 0.0088733, 0.0077955, 0.0069491, 0.0062973, 0.0057832, 0.005782
0.0394346, 0.0180832, 0.0122009, 0.009279, 0.0097631, 0.0103693, 0.0089151, 0.007902, 0.0069734, 0.006413, 0.0057945, 0.0053227
0.0366952, 0.0180488, 0.0121466, 0.0143968, 0.0094982, 0.0103429, 0.0088832, 0.0079707, 0.0070072, 0.0063382, 0.0058506, 0.0053488
