# Each column contains the run times for a given thread. They are, in order: 1, 2, 3, 4, 5, 6, 7, 8, 9, 10, 11, 12.
0.03532, 0.0177946, 0.0121162, 0.0089829, 0.009733, 0.0101443, 0.0087012, 0.0074069, 0.0068137, 0.0062662, 0.0057139, 0.0052384
0.0352868, 0.0179528, 0.0180434, 0.0093009, 0.0095229, 0.010138, 0.0088784, 0.0076574, 0.0068678, 0.006326, 0.0057131, 0.0053237
0.0353398, 0.0178253, 0.0118984, 0.0106397, 0.0074043, 0.0100596, 0.0086962, 0.0076276, 0.0068191, 0.0063148, 0.0057996, 0.0082869
0.0351976, 0.0179552, 0.0155862, 0.0094191, 0.0073796, 0.0100883, 0.0085205, 0.0076564, 0.0068937, 0.0061665, 0.00572, 0.0055718
0.0353222, 0.0177213, 0.0123328, 0.0090257, 0.0117844, 0.0100968, 0.0085201, 0.007626, 0.0068178, 0.0061592, 0.0056249, 0.0053001
0.0349982, 0.0177318, 0.0121147, 0.009287, 0.0072899, 0.0084346, 0.0087084, 0.0077657, 0.0068346, 0.0062375, 0.0057472, 0.0052519
0.0353346, 0.0181349, 0.0120202, 0.0118765, 0.0121094, 0.0100858, 0.0089166, 0.0076319, 0.0068157, 0.0062355, 0.0056551, 0.0052555
0.0352702, 0.0269295, 0.013631, 0.0089794, 0.0114885, 0.0101419, 0.0089422, 0.0071853, 0.0068276, 0.0063774, 0.005677, 0.0053379
0.0354439, 0.0198651, 0.0119887, 0.0090607, 0.0073774, 0.0090851, 0.0089044, 0.0077721, 0.0068592, 0.006235, 0.0056819, 0.0053133
0.0353363, 0.0178098, 0.0125101, 0.009878, 0.0110793, 0.0103005, 0.0086455, 0.007651, 0.0068811, 0.0062348, 0.005665, 0.0053012
0.0354118, 0.0178873, 0.0119366, 0.0098646, 0.007452, 0.0100648, 0.0087868, 0.0076763, 0.006835, 0.0061813, 0.0056453, 0.0052913
0.0353308, 0.0179791, 0.0119709, 0.0145688, 0.0118813, 0.0100262, 0.0086351, 0.0076682, 0.0068744, 0.0062332, 0.0056776, 0.0053382
0.0352221, 0.0180798, 0.0122421, 0.009002, 0.0107323, 0.010293, 0.0087982, 0.007843, 0.006876, 0.0062236, 0.0056645, 0.0052877
0.0353329, 0.0178905, 0.0176459, 0.008992, 0.0077435, 0.0100386, 0.0080368, 0.0076099, 0.0068276, 0.0062678, 0.0064185, 0.0052685
0.0352682, 0.0178761, 0.0126979, 0.0109695, 0.007386, 0.0100612, 0.0086696, 0.007561, 0.0068143, 0.0061956, 0.0056688, 0.0053639
0.0353549, 0.0178748, 0.0119918, 0.0089935, 0.0104572, 0.0102638, 0.0088072, 0.007806, 0.0068462, 0.0061787, 0.0056964, 0.0052137
0.03526, 0.0261539, 0.012084, 0.0146047, 0.0073636, 0.0101617, 0.0089236, 0.0072494, 0.0067876, 0.0061779, 0.0056366, 0.00523
0.0349963, 0.0179584, 0.0119602, 0.0089552, 0.0072738, 0.006865, 0.0086561, 0.0076211, 0.0068038, 0.0062622, 0.0056586, 0.0078832
0.0353243, 0.0178753, 0.0120557, 0.0149822, 0.0122823, 0.0101536, 0.0089206, 0.007393, 0.0068259, 0.0061732, 0.005651, 0.0058461
0.0353475, 0.0178774, 0.0121155, 0.0088902, 0.0120525, 0.0101379, 0.0088279, 0.007619, 0.0068239, 0.0061608, 0.0056872, 0.005251
0.0358065, 0.0178323, 0.0121554, 0.0090127, 0.0074301, 0.0100586, 0.0086472, 0.0075966, 0.0070191, 0.0061189, 0.0056344, 0.0051997
0.0353723, 0.0178347, 0.0119313, 0.0142283, 0.0090253, 0.0100708, 0.0086674, 0.0076064, 0.0067847, 0.0061506, 0.0056023, 0.0052613
0.035333, 0.017877, 0.011927, 0.009046, 0.0072935, 0.0090105, 0.0086972, 0.007724, 0.006833, 0.006129, 0.0056367, 0.0054191
0.0353401, 0.0180457, 0.0123439, 0.0090403, 0.0072704, 0.0100719, 0.0088611, 0.0072429, 0.0068178, 0.0061928, 0.0056559, 0.0052963
0.0353377, 0.0181518, 0.0120251, 0.0093676, 0.007179, 0.0100981, 0.0087265, 0.0075866, 0.0070003, 0.0062609, 0.0057046, 0.0053228
0.0353732, 0.0178225, 0.0120408, 0.008984, 0.0080694, 0.0100833, 0.0088558, 0.0074743, 0.0067987, 0.0061787, 0.005629, 0.0053724
0.0352635, 0.0178631, 0.0122151, 0.008927, 0.0115941, 0.0102762, 0.0087316, 0.0076475, 0.006783, 0.0061572, 0.0056487, 0.0052498
0.0354286, 0.0179355, 0.012177, 0.0089321, 0.007552, 0.0100916, 0.008656, 0.0076008, 0.0068109, 0.0061673, 0.0056669, 0.0053275
0.0353366, 0.018038, 0.011983, 0.0144417, 0.0074166, 0.0100658, 0.0088123, 0.0074945, 0.006808, 0.0061518, 0.0056876, 0.0052751
0.0354871, 0.0179111, 0.0120557, 0.009754, 0.0076359, 0.0100967, 0.0083675, 0.0076511, 0.0069123, 0.0062023, 0.0056689, 0.0052813
0.0353288, 0.0179419, 0.0120567, 0.0091875, 0.0101754, 0.0094092, 0.0089391, 0.0074895, 0.0068624, 0.0062547, 0.0057173, 0.005324
0.0353014, 0.0179814, 0.0178132, 0.0097311, 0.0085049, 0.0100451, 0.0086663, 0.0077232, 0.0069195, 0.0061375, 0.0056344, 0.0057799
0.0352796, 0.0184322, 0.0120642, 0.0130518, 0.0082079, 0.0100464, 0.0086696, 0.0078381, 0.006825, 0.0061246, 0.0058448, 0.0054144
0.0355693, 0.0180309, 0.0120407, 0.0090669, 0.007341, 0.0101069, 0.0086732, 0.0074834, 0.0068079, 0.0061757, 0.0056875, 0.005558
0.034964, 0.0180248, 0.0118396, 0.0091835, 0.0102767, 0.0101824, 0.008662, 0.0076434, 0.0068144, 0.0062087, 0.0056127, 0.0069227
0.0353442, 0.0181682, 0.0122369, 0.009137, 0.007677, 0.0100822, 0.0086928, 0.0076165, 0.0067968, 0.0061896, 0.0056862, 0.0052247
0.035334, 0.0181191, 0.0121114, 0.0127651, 0.0078725, 0.0100711, 0.0086834, 0.0075744, 0.0068609, 0.006902, 0.0060513, 0.008179
0.0354392, 0.0184387, 0.0119093, 0.0135548, 0.0088535, 0.010054, 0.0084349, 0.0076573, 0.0068919, 0.0062096, 0.0056377, 0.005284
0.0353086, 0.0179364, 0.0162206, 0.0090965, 0.0113173, 0.0100923, 0.0082253, 0.0076216, 0.0068854, 0.0062207, 0.0056733, 0.0053824
0.0353272, 0.0179663, 0.0120978, 0.009032, 0.0111199, 0.0101297, 0.0088288, 0.0078213, 0.006854, 0.0061673, 0.0056661, 0.005288
0.0353802, 0.0177974, 0.0118466, 0.0111681, 0.0082818, 0.0100707, 0.0086317, 0.0076503, 0.0068009, 0.0063583, 0.005623, 0.0052929
0.0353058, 0.0179083, 0.0120044, 0.0091389, 0.007162, 0.0100859, 0.0086297, 0.0077651, 0.0068281, 0.0061717, 0.0056697, 0.0052604
0.0353987, 0.017932, 0.0118829, 0.012508, 0.0074062, 0.0100883, 0.0086991, 0.0075665, 0.0068016, 0.0062415, 0.0056292, 0.0053578
0.035335, 0.0179977, 0.0119001, 0.0091144, 0.0097569, 0.010126, 0.0086736, 0.0075877, 0.0068302, 0.006145, 0.0057215, 0.0052601
0.0353948, 0.0179654, 0.0120195, 0.0092113, 0.0076629, 0.0089177, 0.0086852, 0.0076337, 0.0068196, 0.0061916, 0.0057222, 0.0055841
0.0352929, 0.0178369, 0.0174045, 0.0091292, 0.0073154, 0.0100763, 0.0086528, 0.0076123, 0.006808, 0.006108, 0.0056092, 0.0052081
0.0353005, 0.0180354, 0.0119437, 0.0122307, 0.0074635, 0.0100819, 0.008672, 0.0076437, 0.006896, 0.0060977, 0.0056125, 0.0053561
0.035382, 0.0179197, 0.0122558, 0.0093945, 0.0109392, 0.0070471, 0.0086612, 0.0076201, 0.0068097, 0.0062876, 0.0056904, 0.0053387
0.0352221, 0.0179755, 0.0120235, 0.011081, 0.0074494, 0.0101308, 0.0082263, 0.0076294, 0.0068265, 0.0061618, 0.0056382, 0.0052952
0.0353082, 0.0265229, 0.011923, 0.0091424, 0.0072163, 0.0082121, 0.0086661, 0.0078284, 0.0068394, 0.0061723, 0.0056645, 0.0052945
0.0354197, 0.0177793, 0.012265, 0.0138236, 0.0079391, 0.0100669, 0.0076011, 0.0075822, 0.0068194, 0.0061847, 0.0059261, 0.0055991
0.0354391, 0.0180887, 0.0120987, 0.0091399, 0.0082803, 0.0092837, 0.0087359, 0.0076577, 0.0068692, 0.0063057, 0.0056749, 0.0052991
0.0352126, 0.0180173, 0.0120245, 0.0089581, 0.0085953, 0.010068, 0.0086883, 0.0076477, 0.0068355, 0.0063791, 0.0057045, 0.0053598
0.0353452, 0.0178768, 0.0121222, 0.0092333, 0.0074061, 0.0090807, 0.0086659, 0.0077695, 0.0068042, 0.006616, 0.0073491, 0.0082513
0.0350309, 0.0177699, 0.0120296, 0.0090276, 0.0098304, 0.0102891, 0.0086196, 0.0075616, 0.0068242, 0.0061883, 0.0056426, 0.005239
0.0353881, 0.0178517, 0.0173813, 0.0091273, 0.0074226, 0.01013, 0.0087069, 0.0075944, 0.0068482, 0.0061396, 0.005622, 0.0053247
0.0389346, 0.0178392, 0.0133175, 0.0115187, 0.0073729, 0.0098764, 0.0086769, 0.0076017, 0.0068314, 0.0061457, 0.0056465, 0.0053966
0.0353314, 0.0179156, 0.012127, 0.0111825, 0.0116739, 0.0100851, 0.0087038, 0.007625, 0.0070172, 0.0061838, 0.0056385, 0.0055479
0.0353033, 0.0177526, 0.0120912, 0.0097352, 0.0073192, 0.0101069, 0.0088764, 0.0078955, 0.0068391, 0.0061727, 0.0056309, 0.0052728
0.0353384, 0.0185856, 0.0120297, 0.0092031, 0.0116906, 0.0101232, 0.0087525, 0.0077392, 0.0068445, 0.0062426, 0.0056298, 0.0054376
0.0354254, 0.0179856, 0.012137, 0.0089266, 0.0077908, 0.0101059, 0.0089124, 0.0076301, 0.006896, 0.0063427, 0.0056405, 0.0057011
0.0355753, 0.0178183, 0.0122601, 0.0144636, 0.0075552, 0.0093247, 0.0087344, 0.0077258, 0.0068115, 0.0063488, 0.0056391, 0.005511
0.035467, 0.0179375, 0.0121272, 0.0089797, 0.0095655, 0.0102037, 0.0087675, 0.0076259, 0.0068212, 0.0061832, 0.0056804, 0.0052258
0.0356247, 0.0178908, 0.0120752, 0.0090198, 0.0075033, 0.0100723, 0.0086817, 0.0071809, 0.0067955, 0.0061723, 0.0056899, 0.006237
0.0355834, 0.0178332, 0.0121363, 0.0090727, 0.0083995, 0.0101462, 0.0088427, 0.007852, 0.0067847, 0.0061836, 0.005712, 0.0052423
0.0355762, 0.0180802, 0.0122502, 0.0090639, 0.0123283, 0.0098044, 0.0087268, 0.0076877, 0.0068481, 0.006158, 0.0058902, 0.0065344
0.0355259, 0.0180805, 0.0175166, 0.0091526, 0.0075309, 0.0101075, 0.0086759, 0.0076179, 0.0068824, 0.0062443, 0.0061085, 0.0081626
0.0354093, 0.0179005, 0.0120555, 0.0090383, 0.0073521, 0.0100581, 0.0087824, 0.0076412, 0.0068509, 0.0061869, 0.0056389, 0.0052527
0.035498, 0.0184681, 0.0119767, 0.0093726, 0.0120722, 0.0101137, 0.0087037, 0.0076502, 0.0068157, 0.0062866, 0.005653, 0.0065656
0.0354829, 0.0180668, 0.0121385, 0.0089749, 0.0075524, 0.0062815, 0.0086844, 0.0077189, 0.0068315, 0.0063006, 0.0056556, 0.0053786
0.0353571, 0.0191895, 0.0118514, 0.0090748, 0.0072725, 0.0101166, 0.0087084, 0.0076774, 0.006908, 0.006196, 0.0082252, 0.0081941
0.0354176, 0.0177336, 0.0120184, 0.0094368, 0.0072481, 0.0100965, 0.0088636, 0.0076135, 0.0068513, 0.0062713, 0.0057485, 0.0071185
0.035321, 0.0178004, 0.0120575, 0.0091342, 0.008497, 0.0100853, 0.008732, 0.0076386, 0.0067859, 0.0062813, 0.0056427, 0.0055752
0.0353739, 0.0178694, 0.012033, 0.0095108, 0.0113282, 0.0086447, 0.0086878, 0.0077243, 0.0068176, 0.0063457, 0.005644, 0.0052359
0.035444, 0.0181051, 0.0177357, 0.009127, 0.0110104, 0.0103026, 0.0086481, 0.0077748, 0.0067898, 0.006208, 0.0058751, 0.0057718
0.0352948, 0.0178916, 0.0119063, 0.0094293, 0.0072502, 0.0101433, 0.0086816, 0.0076491, 0.0068619, 0.0061912, 0.0056762, 0.0053029
0.035342, 0.0224447, 0.0119628, 0.0133435, 0.0075215, 0.0095689, 0.0086549, 0.0078066, 0.0069251, 0.0061566, 0.0060299, 0.0053649
0.0353163, 0.0182035, 0.0119628, 0.0090629, 0.0072274, 0.0100746, 0.008793, 0.0078149, 0.0065119, 0.0061776, 0.00571, 0.0054268
0.0355232, 0.0178544, 0.0174835, 0.0091471, 0.007691, 0.0075589, 0.0086657, 0.0076319, 0.0069229, 0.0062281, 0.0056517, 0.0053182
0.035343, 0.0193917, 0.0118829, 0.0093256, 0.0072862, 0.0100963, 0.0088624, 0.0078389, 0.0067921, 0.0062001, 0.0056352, 0.0053749
0.035147, 0.017808, 0.0120664, 0.0090899, 0.0115996, 0.0101374, 0.0087222, 0.0076855, 0.006801, 0.0062258, 0.0056767, 0.005364
0.0353516, 0.0181023, 0.0120659, 0.0090125, 0.0077353, 0.0100943, 0.0086429, 0.0076576, 0.0067841, 0.0063708, 0.0056724, 0.005348
0.0354826, 0.0179634, 0.0121081, 0.009486, 0.0071799, 0.010112, 0.0087913, 0.0076032, 0.0068812, 0.006179, 0.0056352, 0.005266
0.0354338, 0.0178849, 0.0119632, 0.0096034, 0.0072119, 0.0100937, 0.0087217, 0.0078373, 0.0067976, 0.0062945, 0.005649, 0.0052752
0.0352823, 0.0178045, 0.0120736, 0.0089738, 0.0105388, 0.0100854, 0.0086794, 0.0078229, 0.0068481, 0.0061625, 0.0057865, 0.0053191
0.0353599, 0.017839, 0.0117983, 0.009029, 0.0073343, 0.0079068, 0.0086755, 0.0076489, 0.0068439, 0.0061949, 0.0056241, 0.0052558
0.0352731, 0.0179399, 0.01193, 0.0089997, 0.0073527, 0.0100903, 0.008326, 0.0076562, 0.0068208, 0.006221, 0.0056414, 0.0052933
0.0353463, 0.0179852, 0.0121238, 0.0091047, 0.0073773, 0.0100969, 0.0086614, 0.0076441, 0.0068085, 0.0061574, 0.0057259, 0.0053167
0.0353762, 0.0180117, 0.011862, 0.0091493, 0.0073891, 0.0082118, 0.0087056, 0.0076127, 0.0069256, 0.0061806, 0.0056909, 0.0052447
0.0353989, 0.0205724, 0.0164748, 0.0091995, 0.0082437, 0.0100522, 0.0086756, 0.0078285, 0.0068728, 0.0062972, 0.006573, 0.0068585
0.035228, 0.0179238, 0.0120008, 0.0091794, 0.0071937, 0.0083928, 0.0086757, 0.007566, 0.0069933, 0.0061252, 0.0056255, 0.0053228
0.035366, 0.0178421, 0.0119851, 0.0089882, 0.0087653, 0.010082, 0.0086886, 0.0076221, 0.0067557, 0.0062302, 0.0057, 0.0055095
0.0353292, 0.0179283, 0.0123245, 0.0095616, 0.0072783, 0.010058, 0.0087899, 0.0077586, 0.0068212, 0.0062283, 0.0056894, 0.0052478
0.0354262, 0.018207, 0.0120477, 0.0090999, 0.0120105, 0.0100513, 0.00868, 0.0078006, 0.0068077, 0.0063115, 0.0056458, 0.00522
0.0353179, 0.0181039, 0.0125603, 0.0113649, 0.0072249, 0.0094402, 0.0086556, 0.0078185, 0.0068411, 0.0062105, 0.0056428, 0.0053349
0.0353518, 0.0180663, 0.0120281, 0.011394, 0.0104296, 0.0101039, 0.0089134, 0.0076269, 0.0068248, 0.0061649, 0.0056965, 0.0053043
0.0353129, 0.017973, 0.0118634, 0.009197, 0.007494, 0.0079881, 0.0086749, 0.0076263, 0.0068269, 0.0062304, 0.0056353, 0.0052145
0.0353562, 0.0179562, 0.0120163, 0.0092635, 0.0074183, 0.0100686, 0.0086986, 0.0075846, 0.0068237, 0.0063354, 0.0056783, 0.0081568
0.0353765, 0.0179878, 0.0119891, 0.0093804, 0.0072211, 0.010091, 0.0088319, 0.0073612, 0.0067956, 0.0061755, 0.0056269, 0.0053377
0.0354573, 0.0181634, 0.0121642, 0.0090003, 0.0078203, 0.010104, 0.0087846, 0.0078258, 0.0066926, 0.0061684, 0.0056475, 0.005227
